text
公司的工作环境很舒适，设备也很新。
领导很支持团队协作，沟通顺畅。
最近项目进度有些紧，压力有点大。
"The product quality is great, but delivery was delayed."
薪资有提升空间，希望能更有竞争力。
"I love the new dashboard, the UX is much better."
"The API rate limits are too strict for our use case."
团队氛围很好，大家都很愿意互相帮助。
"Occasional bugs in the mobile app after updates."
加班比较频繁，影响了工作与生活平衡。
"The notification emails are too frequent and noisy."
"I appreciate the quick hotfix last Friday."

